25
0.296
0.361
0.38
0.422
0.521
0.711
0.96
1.213
1.592
1.916
2.228
2.332
2.634
2.701
3.191
3.478
3.589
3.613
3.944
4.217
6.454
6.798
7.235
7.73
8.051
15
4.962, 5.396
14.849, 8.805
27.525, 3.212
34.426, 7.841
49.795, 4.107
61.322, 7.337
72.06, 8.773
83.109, 9.418
95.237, 9.739
107.302, 3.19
118.763, 8.98
129.5, 2.785
133.216, 5.543
142.782, 3.485
151.514, 4.965
171.765
80.833
132.285
23.654
110.492
132.646
42.267
53.902
0
127.743
81.129
104.976
146.267
148.599
92.527
68.659
24.034
1.213
30.737
138.759
10.358
54.862
42.978
156.479
110.914
163.714