25
1.146
1.732
1.931
2.64
2.704
2.936
2.95
3.014
3.048
3.876
3.985
4.105
4.259
4.279
4.357
4.425
4.512
4.555
4.804
4.808
5.127
5.226
5.631
6.142
7.658
10
4.9925, 8.656
14.9775, 9.349
24.9625, 6.277
34.9475, 9.096
44.9325, 8.874
54.9175, 3.472
64.9025, 5.57
74.8875, 6.886
84.8725, 4.015
94.8575, 1.698
167.2775
13.6485
31.2395
32.9715
96.5555
99.1955
101.8995
88.8875
91.8375
81.7735
104.8355
108.7115
112.6965
116.8015
121.0605
70.4725
125.3395
129.7645
134.2765
138.8315
0
143.6355
148.7625
153.9885
58.3895
159.6195