25
0.017
0.044
0.175
0.689
0.704
0.791
0.887
0.899
1.965
2.416
2.809
3.338
3.792
4.480
4.845
5.262
7.125
7.196
9.759
24.844
36.874
45.630
67.815
160.160
183.852
25
1.448, 8.940
13.097, 3.555
19.060, 1.020
23.051, 31.999
56.346, 58.573
117.851, 0.119
120.696, 3.005
125.939, 4.362
134.816, 27.219
167.220, 12.097
182.741, 1.966
185.832, 0.604
192.105, 0.640
194.489, 4.543
200.750, 0.059
205.467, 16.939
226.139, 0.726
230.039, 5.850
237.764, 0.419
240.985, 0.620
249.497, 3.283
254.178, 18.121
274.105, 1.326
279.972, 24.083
306.382, 0.122
842.563
55.05
55.067
55.111
0
0.689
123.701
304.055
222.406
117.97
10.388
20.08
200.809
275.431
130.301
162.035
186.436
306.504
241.605
313.629
323.388
348.232
385.106
430.736
498.551
658.711