29
3.774
0.987
1.793
1.557
0.097
0.533
0.888
0.188
0.936
2.529
1.944
1.104
2.965
0.46
0.448
0.351
5.103
1.149
4.21
4.76
6.199
0.818
3.591
0.67
0.037
2.291
1.815
3.695
3.308
10
1.63, 8.591
18.998, 9.828
31.005, 6.011
45.106, 2.08
56.047, 5.052
69.984, 4.195
78.668, 3.354
87.78, 1.923
91.991, 3.339
102.987, 1.631
102.848
82.022
0.636
76.855
74.849
0.0
61.099
28.827
0.448
15.041
10.221
85.795
89.703
15.977
29.715
76.407
0.097
50.881
90.807
98.638
61.632
37.016
30.175
66.393
74.179
43.215
12.75
43.252
47.186
95.33
