60
0.37
1.243
0.492
0.834
0.694
0.216
0.503
1.812
1.103
2.154
2.79
4.556
0.617
0.249
0.209
1.732
0.069
2.096
1.519
0.435
0.085
0.787
0.489
0.909
0.258
3.516
0.217
2.065
0.063
3.374
1.655
3.8
1.618
0.047
0.178
0.129
2.082
0.104
0.208
0.339
2.698
0.003
0.514
3.975
6.084
1.141
0.231
2.022
2.247
4.087
6.47
0.152
0.288
0.011
5.097
0.011
0.38
2.526
2.043
1.876
20
8.229, 3.549
14.477, 6.5
30.347, 5.844
36.701, 5.99
46.063, 5.617
54.05, 6.976
65.418, 4.452
79.513, 6.508
86.478, 7.369
101.153, 1.595
108.295, 9.545
118.985, 5.506
124.516, 9.47
143.375, 9.748
153.427, 2.69
166.017, 4.541
171.402, 1.159
175.498, 0.567
179.95, 4.098
190.104, 4.295
190.055
172.996
69.87
0.0
4.579
45.321
136.14
118.469
176.065
20.977
133.986
5.412
74.879
13.843
117.84
61.156
160.705
104.771
173.366
73.36
172.561
153.187
156.118
170.558
136.356
51.68
162.436
36.478
11.778
153.124
104.84
185.189
156.904
22.08
86.199
86.022
61.026
98.943
45.217
51.938
171.047
187.357
124.502
186.844
61.365
137.265
184.048
86.247
102.749
71.113
0.492
23.697
153.272
36.19
124.491
93.847
124.505
118.089
42.691
177.877
52.146
