114
0.201
0.244
2.644
1.831
0.365
0.801
0.536
4.214
0.745
6.093
0.362
3.606
1.652
0.163
0.65
1.616
6.101
4.301
0.96
0.019
0.281
3.471
0.072
0.633
0.725
0.108
3.433
0.568
2.186
0.123
3.513
0.192
1.312
1.038
0.202
6.521
0.075
0.334
3.569
0.306
1.056
0.195
1.24
0.091
5.21
1.02
5.998
0.067
0.676
0.149
0.009
3.735
0.739
0.152
4.387
0.18
2.341
0.055
0.754
1.626
2.199
0.529
5.193
1.378
0.247
0.459
1.029
1.829
0.07
2.882
4.049
2.921
0.264
2.45
0.365
1.368
2.346
3.65
0.537
4.402
0.121
1.979
4.843
6.018
0.06
0.24
4.865
3.52
0.829
6.264
7.361
0.102
0.691
3.89
1.255
1.552
1.144
0.66
0.022
0.182
0.295
0.095
0.164
0.326
1.978
0.168
1.08
0.343
1.83
4.19
1.713
3.685
1.455
1.347
40
2.33, 9.394
12.717, 1.661
16.591, 1.575
25.559, 6.392
34.304, 0.559
43.018, 6.89
56.966, 9.098
75.761, 7.881
88.082, 3.234
96.467, 3.217
99.937, 7.096
109.639, 0.614
119.796, 1.026
122.787, 9.005
140.252, 8.712
149.457, 5.067
164.512, 7.517
177.135, 6.434
189.973, 3.905
194.799, 0.938
199.366, 1.781
208.043, 9.698
226.442, 5.447
241.767, 0.762
251.048, 1.931
256.098, 6.051
264.905, 0.134
273.25, 6.146
285.411, 4.467
296.374, 6.573
303.329, 0.883
305.059, 8.446
321.693, 8.671
334.945, 8.796
351.888, 1.071
353.266, 3.264
361.229, 3.995
367.981, 7.734
385.638, 4.367
390.347, 5.693
390.346
304.211
281.225
93.774
219.393
366.571
262.472
185.024
265.039
0.0
375.716
12.349
231.889
217.741
12.187
185.56
107.974
201.901
34.863
14.703
33.319
107.032
39.507
381.958
156.504
18.166
304.413
331.508
194.221
49.908
235.495
382.03
390.154
175.764
366.936
149.251
18.891
262.397
193.887
343.981
281.47
1.271
15.664
196.366
196.275
221.223
157.138
131.792
1.204
120.822
381.809
193.878
172.028
255.32
303.172
242.529
99.684
252.979
390.005
201.147
263.273
66.064
304.521
316.426
91.316
262.149
0.745
356.53
279.396
99.864
83.643
246.915
313.505
148.964
137.79
114.428
31.951
110.252
357.56
195.738
291.855
352.96
154.525
114.792
235.618
302.947
343.741
52.094
281.776
33.44
158.157
68.263
33.338
15.859
269.253
121.498
86.524
330.364
107.314
149.228
353.081
11.892
390.059
303.007
14.377
289.878
11.724
92.694
39.164
112.598
347.55
197.607
186.21
183.569
365.224
