314
1.238
1.346
1.798
0.949
0.006
1.287
1.391
2.37
7.035
0.875
0.588
3.042
0.432
0.84
6.556
1.388
3.715
6.954
1.449
0.132
0.004
0.529
4.534
0.639
0.44
1.305
1.831
0.926
3.209
2.685
3.25
0.294
2.59
3.11
7.739
0.019
1.166
1.694
0.515
0.213
0.769
1.88
2.079
2.011
0.111
0.115
2.482
0.85
0.432
5.525
1.064
3.413
1.185
0.987
0.387
0.093
0.016
2.056
2.739
0.389
2.5
6.083
3.017
0.023
0.993
0.589
1.665
0.008
1.579
3.134
1.226
3.225
0.453
0.1
3.414
0.776
1.555
0.082
1.732
0.64
1.564
0.529
0.226
0.811
2.579
0.033
4.845
0.677
0.526
0.644
2.898
1.759
0.738
0.019
0.85
0.908
2.426
0.085
1.524
1.977
1.622
3.363
0.352
0.011
3.018
4.439
0.134
0.008
2.086
0.263
0.337
0.61
0.038
1.588
2.756
0.349
2.508
0.159
5.192
1.813
6.219
0.063
0.499
0.057
4.41
0.073
0.949
2.469
1.766
0.37
2.691
1.997
2.265
1.778
2.694
0.091
0.492
0.799
0.007
1.549
1.765
0.354
1.466
1.838
1.406
2.449
0.245
2.651
2.002
2.756
1.711
1.078
0.205
1.788
0.582
1.667
1.178
0.006
0.285
2.209
3.517
0.725
1.788
2.436
1.708
1.533
0.359
0.596
0.848
1.144
0.237
0.845
2.321
4.147
3.283
1.923
0.751
1.167
0.205
5.485
2.151
0.178
0.058
0.593
0.007
0.951
1.373
3.695
2.908
0.86
1.311
0.117
0.076
2.516
0.979
0.367
2.598
0.966
1.79
0.606
0.046
1.241
0.413
0.411
4.734
0.011
0.776
0.11
0.06
2.15
5.303
0.094
0.862
1.499
2.497
0.938
0.009
0.402
0.003
0.275
1.223
0.366
0.298
0.708
2.153
0.46
1.425
0.048
5.275
1.889
2.478
0.113
0.211
2.462
0.765
0.122
3.282
0.98
0.012
5.676
0.901
0.204
2.115
5.496
2.059
0.004
0.526
0.444
1.262
1.132
2.459
1.127
1.731
1.495
0.274
1.782
0.114
0.739
3.965
4.468
1.95
1.688
0.911
3.006
1.24
0.109
1.975
3.999
1.892
0.31
0.125
3.488
4.342
1.293
6.12
0.263
3.718
0.639
0.692
2.17
2.576
1.699
0.279
2.076
0.298
4.179
0.938
2.713
0.679
0.824
0.229
0.392
2.493
5.718
3.014
1.655
0.49
0.189
2.161
0.43
0.121
1.325
1.23
0.062
0.064
2.347
0.399
0.137
0.134
0.286
1.625
2.542
0.619
2.105
100
0.185, 8.259
14.863, 6.716
30.331, 1.121
35.936, 0.764
41.928, 9.198
52.294, 1.762
58.918, 1.724
69.835, 5.735
75.721, 3.693
86.226, 8.471
97.989, 1.856
105.652, 7.488
115.616, 4.661
124.606, 5.463
134.886, 9.151
144.346, 6.189
155.775, 2.638
159.784, 3.452
170.416, 3.089
174.095, 9.445
184.472, 1.596
194.466, 0.702
201.232, 9.636
214.653, 3.297
222.796, 1.121
226.223, 0.016
231.757, 3.211
239.701, 5.573
249.878, 4.557
263.591, 6.395
275.403, 6.544
286.912, 7.094
301.695, 0.178
303.891, 9.702
316.949, 6.341
326.997, 3.557
339.443, 0.395
343.468, 5.607
356.618, 2.944
363.501, 4.897
372.965, 1.941
378.043, 8.462
396.501, 2.971
408.146, 8.31
422.141, 3.124
432.334, 1.496
441.132, 9.351
458.128, 5.121
472.902, 1.854
477.574, 8.765
491.087, 4.33
501.652, 2.584
504.312, 4.461
514.098, 4.607
522.942, 4.303
531.831, 7.773
545.364, 5.624
558.07, 6.503
571.859, 3.973
580.66, 7.819
590.062, 6.091
600.382, 2.309
603.684, 0.258
613.354, 4.535
620.016, 1.143
628.229, 7.163
645.024, 7.77
661.352, 1.569
666.928, 9.693
678.012, 6.235
686.45, 4.596
691.694, 4.773
704.769, 6.759
712.626, 4.419
724.777, 8.759
739.895, 5.359
750.13, 6.563
763.08, 1.673
773.323, 2.125
775.633, 4.588
785.855, 0.926
787.198, 8.152
801.622, 2.374
808.388, 0.347
811.152, 8.718
824.745, 9.636
834.63, 0.949
844.073, 8.636
854.356, 0.817
862.39, 7.621
876.949, 4.838
885.064, 1.916
895.208, 8.23
903.5, 1.455
911.982, 9.171
927.888, 6.077
942.878, 3.451
950.0, 1.729
953.433, 1.428
961.5, 9.498
961.445
487.189
130.069
150.845
576.781
834.514
389.547
301.873
597.94
697.708
933.966
237.472
386.504
684.247
838.676
294.985
221.341
31.452
23.328
315.493
173.961
712.249
183.541
189.85
271.961
159.327
21.579
351.025
837.749
855.173
257.48
399.472
144.046
870.011
508.773
62.046
602.691
439.95
55.589
603.15
806.017
605.63
273.444
281.947
132.866
780.221
834.381
542.797
486.339
684.68
922.284
340.688
958.032
764.752
377.045
223.916
859.206
504.248
475.513
770.478
685.112
527.245
463.534
568.719
173.938
665.881
131.416
341.752
114.76
428.135
469.617
890.394
798.282
60.734
0.082
886.98
324.101
163.237
0.0
872.601
636.915
57.283
808.735
691.455
323.29
564.572
313.593
608.475
158.412
677.46
339.838
717.044
530.031
416.456
834.496
361.4
685.501
229.329
75.569
635.391
120.277
371.342
99.844
521.221
504.236
641.897
621.159
798.147
903.439
245.274
954.861
691.046
617.889
903.462
238.059
167.547
51.923
212.126
759.907
904.955
374.906
550.989
376.982
186.068
775.448
839.516
765.937
575.831
284.428
219.575
577.73
819.87
720.132
83.938
234.968
153.011
60.642
51.424
114.768
787.055
199.588
79.413
805.663
780.332
359.562
325.569
247.36
676.622
654.494
39.863
164.791
735.686
539.605
13.178
596.152
618.499
803.996
369.037
775.567
463.249
663.672
946.437
236.746
756.694
103.208
331.864
54.055
712.252
303.265
557.208
809.996
159.09
272.6
122.254
657.145
186.567
37.94
662.921
745.254
340.483
390.833
227.177
852.709
775.574
676.867
51.916
852.887
13.383
746.421
955.125
61.186
330.553
199.471
315.417
518.705
210.868
152.643
940.116
881.787
313.627
711.528
83.892
696.466
588.573
427.724
8.444
903.447
97.181
834.52
691.395
733.536
402.722
588.479
132.004
113.261
625.598
417.194
144.037
284.026
173.934
567.151
362.249
474.756
588.986
35.167
806.23
540.683
758.482
504.264
934.841
224.303
578.1
809.883
602.94
737.397
589.284
883.654
260.165
294.006
691.383
450.483
882.752
953.225
822.562
495.417
796.088
903.458
488.427
22.884
254.436
921.153
425.265
370.215
910.147
951.73
786.781
255.697
712.134
795.349
781.798
766.01
349.075
603.942
619.081
859.299
36.7
946.328
269.985
418.132
456.158
150.535
199.346
891.619
637.555
567.426
433.831
376.719
352.856
368.397
324.877
835.579
429.714
652.794
211.847
606.399
51.125
195.167
226.24
81.179
500.913
858.382
602.71
475.122
874.333
333.572
760.066
541.142
853.838
719.943
511.883
173.505
113.139
521.573
883.775
775.505
75.655
94.696
184.07
97.044
787.062
529.745
217.95
722.129
809.264
488.953
