609
1.901
2.086
0.467
5.27
2.465
0.052
0.343
0.37
0.908
0.987
0.534
0.662
0.322
1.42
0.116
0.085
0.004
0.61
2.214
0.571
0.026
1.534
3.735
1.153
0.764
0.054
2.42
0.981
1.076
4.57
0.122
1.098
1.475
0.768
0.162
0.234
0.33
1.359
2.989
0.368
0.081
1.691
4.715
4.009
0.333
1.639
0.342
0.237
1.084
5.21
1.026
3.456
0.059
8.093
3.53
5.695
2.049
2.528
0.62
2.671
0.535
5.604
0.541
4.085
1.518
1.36
0.365
1.021
3.097
2.614
3.26
2.041
1.098
0.669
2.803
0.297
0.022
0.382
2.153
1.399
0.091
1.007
0.385
1.105
0.118
0.134
1.247
1.414
4.444
1.234
0.879
0.107
1.139
2.352
6.115
0.262
0.476
3.102
1.022
4.029
0.232
2.575
0.892
0.63
0.882
1.896
0.012
2.499
3.262
0.535
0.027
1.284
0.839
4.278
1.332
0.016
2.702
0.208
1.154
0.35
0.439
3.37
0.037
0.459
0.745
0.121
0.241
2.495
0.255
1.859
2.203
1.202
0.402
0.392
1.66
6.417
3.107
0.24
0.24
3.08
0.246
2.545
3.603
2.037
0.672
6.27
0.112
3.949
0.199
2.934
2.11
0.897
3.144
0.312
1.492
0.466
0.583
2.908
0.789
0.227
1.074
2.782
0.154
3.9
0.711
2.889
0.936
2.349
0.078
0.076
0.29
0.004
0.975
0.324
1.237
7.249
0.658
4.22
2.494
0.69
1.879
0.505
1.232
1.067
0.084
1.163
0.116
0.904
0.075
1.032
1.884
3.609
0.2
2.783
1.493
2.037
1.134
1.762
1.537
1.96
0.361
0.078
0.042
3.212
0.46
3.171
1.67
2.033
0.777
0.395
0.744
0.301
0.289
2.601
0.017
0.785
2.788
3.55
0.689
1.17
3.287
0.364
0.186
0.286
4.346
1.871
5.633
1.685
0.353
4.181
5.356
3.892
2.634
0.256
0.225
0.388
2.106
1.447
1.981
4.79
0.327
1.225
1.181
3.478
1.588
2.033
0.102
0.974
0.737
1.97
0.092
2.022
0.008
3.026
2.488
0.008
1.916
2.331
8.917
5.113
2.041
2.755
0.978
1.433
2.735
1.085
2.566
0.13
0.542
0.062
2.369
5.069
4.35
0.378
0.701
0.1
0.216
0.069
3.365
3.389
0.522
1.192
3.677
0.296
1.566
0.387
0.334
1.046
0.271
1.275
0.059
1.945
0.173
1.795
1.181
2.203
2.44
0.981
6.695
3.297
2.768
2.887
4.116
0.218
0.189
0.135
1.014
0.935
0.826
0.145
2.688
1.175
1.87
2.864
0.532
1.315
0.009
2.445
0.867
0.028
2.232
1.788
0.387
1.538
0.585
0.003
1.443
1.429
0.875
0.056
5.008
2.793
3.63
0.658
4.33
3.226
0.965
2.027
2.091
1.008
2.266
0.906
0.245
0.14
4.029
0.578
0.086
0.633
0.17
2.447
0.352
4.811
3.194
0.254
0.942
4.592
0.307
2.307
0.625
1.061
0.426
0.834
4.7
0.501
0.471
3.143
0.726
1.707
2.946
2.767
2.34
1.014
0.873
1.883
0.169
3.557
0.253
4.257
0.768
0.085
2.609
1.25
1.705
0.186
5.467
3.111
0.518
0.904
0.048
0.868
0.334
0.402
0.353
1.242
1.126
0.961
6.983
0.806
2.814
0.184
1.07
1.49
0.134
0.876
0.766
2.26
2.802
0.498
5.98
0.38
2.8
0.568
4.665
1.627
0.095
1.293
0.305
1.156
0.801
4.414
3.858
0.453
0.004
0.743
1.789
2.11
1.66
0.765
0.357
0.35
2.717
0.225
1.091
1.238
2.631
0.095
0.872
2.441
0.762
3.683
2.819
2.172
4.29
0.636
1.48
3.253
0.157
2.362
2.469
2.365
1.604
1.884
0.042
0.899
7.582
4.877
0.036
0.824
0.076
0.535
1.42
1.072
3.04
1.629
2.12
3.623
0.089
0.989
0.042
3.811
1.294
2.054
5.432
1.582
1.635
0.16
1.175
1.664
4.517
3.173
1.479
0.427
0.363
0.137
0.066
3.502
0.799
2.003
2.964
7.169
2.72
6.363
5.811
0.395
5.747
5.453
2.731
0.153
0.232
2.522
1.348
2.675
0.623
0.63
0.048
3.408
1.055
0.591
0.048
2.298
0.023
0.489
2.553
0.228
2.844
2.267
3.267
2.588
1.397
5.716
2.259
1.65
0.947
0.828
0.597
0.735
2.899
0.846
0.802
6.077
1.688
1.061
0.636
2.055
1.674
0.453
1.086
0.488
0.566
4.792
0.786
0.146
0.983
0.233
0.496
0.029
1.883
0.429
0.697
0.119
0.723
0.638
4.38
0.305
0.445
1.354
1.797
0.214
4.394
0.09
2.146
1.544
1.03
0.107
0.059
1.308
1.302
1.372
3.888
1.088
0.37
1.204
0.008
1.493
6.109
2.076
0.34
0.485
3.045
0.586
2.353
0.107
2.437
1.424
0.76
0.281
1.857
0.013
0.35
0.654
1.324
1.809
0.721
2.145
0.792
1.239
0.886
5.384
2.547
0.137
3.486
2.267
0.784
0.15
1.877
1.3
2.885
2.342
1.197
200
4.197, 6.078
15.679, 0.611
22.275, 3.805
34.937, 4.813
49.23, 5.107
58.35, 7.357
73.089, 4.699
87.297, 9.194
97.03, 9.813
109.36, 8.052
124.844, 6.359
136.818, 6.169
143.847, 5.814
158.352, 5.277
163.908, 6.379
176.604, 0.035
183.231, 3.629
193.643, 9.803
210.379, 6.242
223.744, 7.602
231.816, 6.438
243.897, 9.559
259.588, 9.4
273.108, 6.668
283.235, 3.415
294.482, 0.344
296.342, 6.909
312.84, 1.097
319.479, 1.237
325.551, 6.569
337.585, 4.705
345.777, 4.397
356.907, 5.387
364.13, 1.324
367.322, 4.211
372.446, 7.559
387.298, 9.582
404.95, 9.715
423.616, 7.005
440.102, 8.882
456.691, 6.29
465.413, 9.947
485.243, 7.728
495.066, 6.091
507.167, 3.436
519.077, 8.351
536.172, 6.897
549.546, 9.349
568.522, 2.394
574.926, 4.245
581.681, 3.23
585.6, 7.54
597.433, 0.753
604.401, 8.873
622.508, 7.413
637.749, 1.554
641.343, 9.447
660.731, 1.966
666.385, 9.923
684.469, 6.591
700.135, 5.846
714.667, 6.163
723.005, 2.965
732.347, 5.968
745.874, 7.913
762.207, 6.76
770.869, 7.144
782.661, 0.394
790.161, 5.051
798.566, 5.494
807.426, 6.156
817.224, 0.646
822.616, 0.665
827.521, 1.511
833.896, 3.324
843.153, 5.645
857.903, 4.572
867.342, 1.964
870.476, 3.831
880.704, 7.841
896.756, 6.427
904.655, 4.853
916.138, 6.765
923.108, 2.115
930.437, 6.809
942.078, 7.314
957.131, 3.936
964.578, 5.479
975.775, 5.881
984.56, 4.104
996.839, 5.03
1004.853, 3.488
1013.55, 0.898
1017.521, 7.643
1032.428, 6.879
1041.199, 0.037
1041.296, 3.021
1051.237, 4.916
1058.72, 1.114
1063.744, 1.323
1070.544, 8.621
1085.267, 3.747
1094.081, 0.401
1104.391, 1.36
1112.821, 6.335
1120.442, 5.751
1127.175, 8.54
1141.887, 8.637
1152.085, 2.271
1157.172, 8.923
1167.16, 6.073
1174.916, 1.062
1183.802, 0.776
1192.501, 5.498
1205.059, 6.302
1218.794, 6.222
1228.443, 0.729
1232.796, 7.371
1248.733, 8.346
1266.791, 5.889
1275.536, 9.34
1293.16, 1.612
1298.771, 1.211
1304.935, 8.91
1314.424, 3.736
1318.591, 0.565
1326.808, 7.901
1336.436, 6.031
1343.231, 9.757
1354.765, 7.575
1366.523, 1.429
1371.977, 1.693
1374.526, 0.423
1381.435, 8.656
1399.091, 5.887
1411.212, 9.643
1422.463, 8.786
1433.277, 0.968
1441.001, 5.906
1452.997, 9.325
1469.36, 7.059
1476.64, 7.123
1491.626, 0.153
1495.276, 7.88
1506.498, 3.219
1516.068, 2.447
1524.872, 5.152
1535.68, 3.481
1545.961, 3.42
1554.049, 7.218
1564.191, 8.931
1577.799, 2.046
1589.554, 3.321
1597.069, 3.963
1603.621, 5.19
1611.757, 9.071
1625.938, 8.343
1639.351, 2.835
1647.555, 4.829
1661.515, 9.961
1676.298, 7.048
1685.858, 3.697
1699.459, 2.502
1709.926, 1.183
1717.979, 2.448
1723.105, 4.761
1735.973, 5.153
1744.137, 7.169
1757.746, 9.622
1769.826, 8.862
1779.136, 8.885
1790.227, 6.083
1800.961, 6.619
1812.616, 6.998
1827.196, 0.846
1828.355, 2.073
1837.817, 0.736
1842.893, 4.978
1854.669, 2.587
1858.583, 4.821
1869.406, 8.625
1883.599, 5.311
1898.802, 4.346
1905.281, 0.708
1906.49, 7.383
1920.916, 8.86
1934.1, 1.582
1944.138, 4.225
1952.807, 6.928
1963.842, 6.9
1972.729, 9.45
1991.704, 3.128
1995.548, 9.497
2011.914, 8.559
2026.029, 4.876
2031.652, 0.944
2039.756, 4.77
2046.098, 0.015
2046.578, 4.363
2054.779, 1.269
2054.747
635.716
1176.519
1119.157
381.958
1486.362
1318.161
2031.307
640.941
1919.95
598.185
1642.186
721.046
1549.381
981.686
108.424
1476.553
1166.788
1342.62
1839.377
925.224
295.813
1225.016
206.604
1057.546
1373.755
2053.391
620.021
1602.599
1731.255
475.36
1828.232
1809.027
189.785
66.58
1492.905
371.734
619.691
543.069
1189.455
1858.203
922.903
676.308
695.24
739.141
56.496
1534.024
1119.623
585.026
1592.875
970.509
462.98
1465.786
31.897
849.697
705.981
629.921
937.246
729.767
493.543
1488.827
1407.357
1539.161
1175.978
1179.626
56.829
464.007
1446.907
1178.605
1895.617
2020.474
433.058
1436.066
1742.063
1561.267
909.507
271.541
1476.456
903.183
1931.924
0.0
163.816
82.079
593.14
1039.307
206.41
1720.426
1008.341
344.311
862.809
1610.467
1673.68
743.15
400.707
1950.454
1583.434
1314.152
371.968
571.791
1089.363
83.086
585.358
303.251
494.162
294.827
1094.481
651.185
1057.534
1510.846
420.335
1767.368
1994.861
1485.078
1374.949
480.806
399.375
1334.862
238.254
1906.281
1420.855
1353.215
1850.597
416.72
1476.419
1431.249
2023.257
1828.101
829.032
925.795
928.29
1867.434
527.6
1518.514
2030.905
2044.525
1062.045
613.274
1284.876
365.454
1395.935
401.846
1334.878
1941.495
1732.331
830.281
1847.871
529.803
1375.787
1009.588
795.212
1367.952
787.994
1582.077
1621.589
1505.193
1576.293
1150.524
279.776
2036.751
1609.678
1352.988
1299.981
1137.374
1334.708
1108.885
1720.56
322.66
1505.505
1715.51
1126.192
206.528
1126.871
1166.784
1061.07
2046.253
1703.39
1982.18
1059.834
1705.683
396.88
180.038
305.825
1242.273
1107.653
1544.765
2046.155
1624.733
584.91
787.09
1476.478
1464.753
1989.71
1530.024
371.534
1634.281
1364.964
1503.156
1003.718
1930.163
832.318
1083.223
253.455
231.346
770.027
912.813
1582.974
1573.122
1434.246
1390.091
599.172
650.79
1056.789
1684.77
380.005
1513.345
1041.278
1353.952
173.695
1851.036
1166.095
1721.929
1407.892
1166.791
1174.104
1464.467
290.073
928.545
67.348
728.082
1173.234
691.059
1213.342
593.525
1878.03
1778.689
1363.246
286.649
1240.167
1807.58
1211.361
254.689
362.294
1229.172
1714.281
1959.735
317.825
778.013
709.511
1743.161
1431.708
1652.384
963.407
218.887
108.54
1295.676
1257.078
1685.071
2024.003
2032.596
1095.363
544.428
1066.862
1396.174
366.319
1562.742
46.446
1370.886
743.257
231.677
813.582
1831.604
1881.15
1287.983
892.403
1318.212
1301.36
635.616
720.83
1904.386
2008.547
1727.866
815.106
271.915
436.319
581.343
815.628
1929.776
862.474
178.992
1971.466
821.319
1828.042
878.637
527.427
1065.067
817.871
1671.477
13.139
1601.618
39.75
121.441
1079.165
711.703
308.67
1083.005
2034.927
1905.989
151.458
1789.261
738.315
1822.224
1751.306
2044.917
1375.899
10.275
254.156
1483.763
1828.223
287.628
1608.812
1994.832
1579.845
1025.164
1353.565
1519.717
240.956
1778.993
1637.807
1701.961
570.917
922.984
1694.366
220.909
1377.769
1721.271
874.307
1044.317
307.705
1272.68
709.613
829.273
216.621
1362.34
420.089
841.139
117.412
1060.492
1533.938
725.97
2023.087
180.728
783.054
1689.555
1521.649
662.696
343.369
17.661
1313.845
191.26
365.694
768.967
493.117
448.983
1822.369
721.708
350.174
951.467
1894.891
1674.559
516.042
510.603
961.067
662.95
65.707
1593.959
912.644
1642.72
231.425
352.643
1040.413
1373.67
1819.615
1646.277
1140.157
163.63
26.43
795.41
1173.587
1294.772
343.321
1768.13
912.31
186.861
1.399
1552.744
350.645
1971.737
1654.353
1561.936
1323.947
1796.31
452.448
362.621
1778.996
479.93
108.548
134.456
1302.06
1509.718
1888.91
1941.115
565.542
869.903
1200.297
639.303
585.263
1335.124
1533.633
2052.235
1768.999
1796.494
888.545
970.056
640.93
1637.064
1001.869
823.281
1135.714
1685.078
295.457
26.079
939.296
1226.55
1047.543
1903.147
449.817
1904.455
351.771
838.698
54.337
783.407
1438.107
579.171
77.789
1810.126
726.602
131.204
1906.124
1.752
954.609
663.964
1068.903
320.716
2046.113
848.798
653.081
1184.578
1003.659
1838.552
271.839
1154.355
983.105
1081.933
1549.704
1259.567
1155.049
1090.385
1948.362
1491.916
1041.236
1392.124
2050.941
414.666
1935.682
106.842
2035.116
1154.89
1830.428
380.294
332.227
1711.108
837.219
1422.01
869.539
143.708
923.04
2005.045
1432.445
1948.451
203.446
989.551
804.06
677.999
1242.778
1521.255
152.472
1261.195
601.623
1342.467
1126.27
187.263
513.37
1864.759
1174.29
1510.216
1715.462
170.287
1704.628
287.038
1778.945
1198.0
1003.695
903.565
268.988
1767.903
280.359
558.895
1754.44
780.047
55.099
1447.272
1230.516
1226.775
1857.256
1274.706
904.053
336.744
753.788
1741.216
825.391
1913.873
1105.751
963.499
1056.153
1848.542
599.95
1119.965
1016.432
295.839
1963.213
1319.156
1015.645
492.971
814.124
869.306
1404.978
981.657
1405.474
96.491
1904.55
1230.397
1970.742
806.78
561.162
1301.055
1753.994
1863.404
149.661
1107.439
502.701
1741.126
1493.067
501.157
342.29
96.92
322.601
826.193
2053.445
16.29
313.937
1150.99
1126.502
1595.842
640.934
1363.471
1831.666
949.391
253.817
1880.665
453.518
1601.032
176.639
332.12
430.621
1683.346
1620.829
1989.428
841.279
2046.239
1089.013
1994.888
514.719
1810.761
142.987
1462.322
770.069
1788.022
988.665
756.687
1048.634
1491.779
1026.951
819.052
722.21
1435.916
1030.437
1841.591
31.956
241.542
1014.448
