50
6.0
1.0
6.0
1.0
5.0
4.0
5.0
6.0
4.0
7.0
7.0
3.0
4.0
2.0
8.0
10.0
8.0
5.0
10.0
8.0
3.0
7.0
4.0
7.0
5.0
5.0
3.0
1.0
10.0
2.0
6.0
1.0
3.0
3.0
2.0
10.0
5.0
6.0
4.0
6.0
4.0
5.0
5.0
7.0
8.0
2.0
7.0
1.0
9.0
2.0
50
9.0, 1
15.0, 1
21.0, 1
27.0, 1
29.0, 1
33.0, 1
37.0, 1
43.0, 1
52.0, 1
61.0, 1
69.0, 1
76.0, 1
87.0, 1
95.0, 1
104.0, 1
114.0, 1
122.0, 1
125.0, 1
130.0, 1
140.0, 1
148.0, 1
155.0, 1
162.0, 1
172.0, 1
181.0, 1
186.0, 1
192.0, 1
195.0, 1
201.0, 1
211.0, 1
215.0, 1
221.0, 1
226.0, 1
237.0, 1
240.0, 1
242.0, 1
246.0, 1
252.0, 1
256.0, 1
265.0, 1
273.0, 1
276.0, 1
282.0, 1
292.0, 1
301.0, 1
311.0, 1
317.0, 1
325.0, 1
329.0, 1
339.0, 1
